7357
39996
132808
154204
154210
154211
154212
154284
154416
154687
154688
154689
154691
154701
154772
157185
157189
157194
157195
157196
157198
157200
157201
157202
157203
157204
157205
157206
157207
157208
157209
157210
157211
157212
157213
157214
157215
157216
157217
157218
157219
157220
157221
157222
157224
157252
157257
157260
157266
157268
157269
157270
157271
157272
157273
157274
157275
157303
157306
157308
164712
164714
164727
164770
164786
165022
165023
165024
165025
165026
167599
167600
167602
167604
167605
167606
167607
167825
167826
170438
170439
170444
170458
170459
170460
170462
170464
170691
173385
173386
173387
173388
173395
173396
173397
173398
173399
173400
173401
173402
173403
173404
173405
173406
173407
173408
173409
173410
173412
173417
173418
173419
173420
173426
174240
174241
174242
174295
174296
174326
177089
177090
177091
194032
200423
200428
200686
200687
200688
200689
200690
200691
200692
200693
200738
200739
203997
203998
207693
207696
207697
207699
207700
207701
207702
207703
207704
207705
207706
207707
207708
207709
207710
207711
207712
207714
207715
207716
207717
207718
207719
207720
207721
207722
207723
207725
207726
207728
207729
207730
207731
207733
207734
207736
207738
207739
207740
207741
207744
207745
207746
207749
207750
207751
207753
207754
207758
207762
207765
207766
207767
207768
207770
207777
207778
207779
207781
207782
207783
207784
207785
207786
207787
207788
207789
207790
207793
207794
207795
207796
207800
207802
207806
207807
207808
207809
207810
207811
207812
207813
207814
207816
207817
207818
207819
207821
207823
207824
207825
207826
207827
207828
207829
207830
207831
207832
207833
207834
207835
207837
207838
207839
207842
207844
207845
207846
207849
207850
207854
207859
207860
207861
207864
207865
207866
207867
207869
207870
207871
207872
207873
207874
207875
207876
207877
207878
207879
207880
207881
207882
207883
207884
207885
207886
207887
207888
207889
207890
207891
207892
207893
207894
207895
207896
207897
207898
207899
207900
207902
207904
207905
207906
207907
207908
207909
207910
207912
207913
207914
207917
207918
207919
207920
207921
207922
207923
207924
207928
207929
207930
211731
215463
215464
215465
215466
215475
215477
215478
215479
215480
215481
215482
215483
215485
215488
223314
227125
227477
230530
230535
230536
230537
230538
230539
230541
230545
230546
230547
230695
230826
230827
234119
237449
237450
237482
237484
237485
237486
237487
237488
237489
237490
237491
237756
237757
237758
237759
237763
237764
237765
237766
237767
237768
237769
237771
237773
237776
237782
240754
241075
241076
241088
241090
241091
241092
241104
241110
241112
241113
241114
241115
241116
241117
241118
245212
245229
248522
248540
248542
248543
248544
248545
248546
248547
248548
248549
252139
255743
255744
255746
255747
255748
255749
262279
268736
268744
268757
268760
275752
275753
275784
275785
279700
279701
279722
279748
279749
279750
279751
279752
279753
279765
279766
283480
283481
283482
283483
283484
283486
283487
283488
283489
283490
283491
283492
287025
287026
289177
289178
289179
289180
289181
289182
289183
289184
289185
289186
289187
289188
289189
289190
289191
289192
289193
289194
289195
289196
289197
289198
289199
289200
289201
289206
289207
289208
289209
289210
289211
289212
289213
289214
289215
289216
289217
289218
289219
289220
289221
289222
289223
289224
289225
289226
289227
289228
289229
289230
289231
289232
289234
289235
289236
289237
289238
289239
293933
293934
293935
293936
293937
293938
293939
293940
293941
293942
293943
293944
293945
293946
293947
293948
293949
293950
293951
293952
293954
293957
293964
293965
293966
293968
293969
293974
293977
293978
293986
293988
293989
293990
293991
293997
293998
293999
294000
294007
294267
294268
294269
294288
294289
294290
294291
294292
294293
294294
294295
294296
294297
294298
294330
296653
296654
296655
296656
296657
296658
296659
296660
296661
296662
296663
296664
296665
296666
296667
296668
296669
296670
296671
296672
296673
296674
296675
296676
296677
296679
296680
296681
296682
296683
296684
296685
296686
296687
296688
296703
296704
296705
296706
296707
296708
296709
296710
296711
296712
296713
296714
296715
296716
296717
296718
296719
296720
296721
296722
296723
296724
296725
296726
296727
296728
296729
296732
296748
296749
296750
296751
296752
296753
296754
296755
296756
296757
296758
296759
296760
296761
296762
296763
296764
296765
296766
296767
296768
296769
296770
296771
296773
296774
296775
296776
296777
296778
296779
296780
296781
296782
296783
296784
296785
296786
296787
296788
296789
296792
296793
296794
296795
296796
296797
296798
296799
296800
296801
296802
296803
296804
296805
296806
296807
296808
296809
296821
296822
297073
297081
297082
299050
299051
299052
302201
302202
302217
302221
302223
302237
302338
302341
302346
302744
303735
303927
303938
303939
303940
303941
303942
303956
303957
303958
303959
303960
303961
303962
303963
303964
303965
303966
303967
303968
303969
303970
303971
303972
303973
303974
303975
303976
307561
307563
307676
307679
307695
307699
307704
307708
307808
307814
307815
307821
307827
307855
307856
308103
310945
310953
310958
310959
310963
310970
310971
310972
310973
310974
310975
310983
310984
311636
311671
311672
311673
311816
311817
311818
311821
311822
311823
311824
311825
311826
311827
311828
311829
311830
311831
311832
311833
311834
311835
311836
311837
311838
311839
311840
311841
311842
312016
312017
312018
312019
312020
312106
312193
312194
312334
312372
312374
312375
312378
312379
312380
312382
312383
312388
312399
312409
312433
312434
312435
312436
312438
312439
312440
312441
312442
312443
312447
312448
312449
312450
312454
312455
312460
312476
312477
312478
312497
312498
312499
312500
312501
312502
312503
312504
312505
312507
312518
312544
312576
312577
312580
312581
312582
312584
312585
312601
312602
312603
312604
312605
312606
312607
312608
312609
312610
312611
312612
312613
312614
312615
312616
312637
312638
312687
312688
312776
312795
312820
312822
312824
312826
312953
312955
312956
312959
312961
312970
312997
325119
325186
325191
325192
325283
325300
325313
325324
325325
325333
325370
325393
325414
325431
325486
325491
325510
325511
325517
325527
325696
325775
325776
325782
325784
325837
325838
325859
325898
325935
325942
325961
325962
325963
325965
325966
325977
325978
325979
325980
325981
325983
325984
325985
326002
326007
326008
326009
326010
326012
326013
326014
326021
326024
326045
326052
326053
326075
326135
326136
326141
326143
326147
326155
326162
326163
326263
326266
326267
326268
326272
326273